Курс USD за останній рік: 
[27.2022, 27.2022, 27.2022, 27.0774, 27.0815, 27.0536, 27.0137, 27.0137, 27.0137, 27.1441, 27.1025, 27.0485, 26.9714, 26.9714, 26.9714, 26.9714, 26.9592, 26.9749, 26.9774, 26.9323, 26.8185, 26.8185, 26.8185, 26.8185, 26.8196, 26.7947, 26.6897, 26.6792, 26.6792, 26.6792, 26.638, 26.571, 26.5159, 26.5854, 26.7699, 26.7699, 26.7699, 26.7556, 26.8742, 26.9029, 27.0002, 26.9059, 26.9059, 26.9059, 26.8685, 26.8181, 26.7955, 26.7544, 26.6953, 26.6953, 26.6953, 26.6953, 26.6005, 26.6412, 26.6367, 26.5999, 26.5999, 26.5999, 26.7303, 26.844, 26.7424, 26.776, 26.7633, 26.7633, 26.7633, 26.7207, 26.6695, 26.6078, 26.6509, 26.7002, 26.7002, 26.7002, 26.7002, 26.6922, 26.6676, 26.77, 27.1801, 27.1801, 27.1801, 27.1716, 27.1269, 26.9309, 26.9514, 26.9335, 26.9335, 26.9335, 26.9505, 27.0883, 27.1436, 27.119, 27.2738, 27.2738, 27.2738, 27.3606, 27.6011, 27.6647, 27.7798, 27.8779, 27.8779, 27.8779, 27.7559, 27.7571, 27.6851, 27.6867, 27.6913, 27.6913, 27.6913, 27.6798, 27.7365, 27.8225, 27.7028, 27.6793, 27.6793, 27.6793, 27.6486, 27.6007, 27.5982, 27.5266, 27.4083, 27.4083, 27.4083, 27.3474, 27.3061, 27.2297, 27.316, 27.4812, 27.4812, 27.4812, 27.4812, 27.3942, 27.4383, 27.386, 27.4615, 27.4615, 27.4615, 27.4759, 27.5618, 27.6049, 27.6428, 27.6908, 27.6908, 27.6908, 27.7325, 27.7509, 27.8032, 27.8296, 27.8346, 27.8346, 27.8346, 27.9003, 28.0003, 28.0556, 28.1195, 28.1127, 28.1127, 28.1127, 28.1718, 28.2022, 28.2059, 28.1874, 28.2487, 28.2487, 28.2487, 28.2673, 28.3062, 28.2989, 28.3105, 28.3343, 28.3343, 28.3343, 28.3408, 28.4009, 28.3639, 28.324, 28.2836, 28.2836, 28.2836, 28.2098, 28.2481, 28.2481, 28.3164, 28.3365, 28.3365, 28.3365, 28.3649, 28.3762, 28.3707, 28.2737, 28.265, 28.265, 28.265, 28.2911, 28.3352, 28.3655, 28.3989, 28.4383, 28.4383, 28.4383, 28.4507, 28.5827, 28.6, 28.5074, 28.3643, 28.3643, 28.3643, 28.1375, 28.1116, 28.1206, 28.161, 28.1963, 28.1963, 28.1963, 28.1158, 28.112, 28.1067, 28.13, 28.2572, 28.2572, 28.2572, 28.3553, 28.3694, 28.3741, 28.3816, 28.4428, 28.4428, 28.4428, 28.4681, 28.4962, 28.5583, 28.4367, 28.3038, 28.3038, 28.3038, 28.2913, 28.2394, 28.0828, 28.0406, 28.075, 28.075, 28.075, 27.9666, 27.8661, 27.759, 27.7373, 27.8184, 27.8184, 27.8184, 27.828, 28.0391, 28.2513, 28.4551, 28.4551, 28.4551, 28.4551, 28.3547, 28.3668, 28.2605, 28.2746, 28.2746, 28.2746, 28.2746, 28.2746, 28.431, 28.4028, 28.4028, 28.4028, 28.4028, 28.4028, 28.2847, 28.2038, 28.046, 27.9705, 28.0609, 28.0524, 28.0524, 28.0524, 28.1926, 28.1544, 28.2035, 28.2561, 28.2561, 28.2561, 28.1648, 28.1665, 28.1524, 28.1652, 28.1929, 28.1929, 28.1929, 28.1324, 28.0603, 28.0589, 27.995, 27.8885, 27.8885, 27.8885, 27.7711, 27.6651, 27.6426, 27.7665, 27.8384, 27.8384, 27.8384, 27.844, 27.9671, 27.8304, 27.9038, 27.8461, 27.8461, 27.8461, 27.8468, 27.9304, 27.8976, 27.9492, 27.9301, 27.9301, 27.9301, 27.9456, 28.0007, 27.933, 27.8477, 27.7564, 27.7564, 27.7564, 27.7564, 27.7091, 27.7431, 27.7016, 27.7486, 27.7486, 27.7486, 27.7305, 27.6434, 27.6525, 27.6978, 27.6828, 27.6828, 27.6828, 27.7184, 27.6871, 27.7295, 27.8706, 27.9698, 27.9698, 27.9698, 27.9679, 27.9694, 27.8852, 27.8226, 27.8324, 27.8324, 27.8324, 27.9555, 27.939, 27.8384, 27.8923, 27.9768, 27.9768, 27.9768, 27.9094, 27.9335, 28.0156, 27.9765, 27.9592, 27.9592]
Щоденний курс USD за 4 місяць 2020 року: 
[27.6289, 27.7538, 27.5962, 27.5962, 27.5962, 27.373, 27.2365, 27.0996, 27.1965, 27.2598, 27.2598, 27.2598, 27.2022, 27.0404, 27.0899, 27.2219, 27.2022, 27.2022, 27.2022, 27.2022, 27.0774, 27.0815, 27.0536, 27.0137, 27.0137, 27.0137, 27.1441, 27.1025, 27.0485, 26.9714]
Середнє значення USD за 4 місяць 2020 року становить = 27.2247
Відхилення курсу USD за 4 місяць 2020 року становить = 0.2098
Щоденний курс USD за 5 місяць 2020 року: 
[26.9714, 26.9714, 26.9714, 26.9592, 26.9749, 26.9774, 26.9323, 26.8185, 26.8185, 26.8185, 26.8185, 26.8196, 26.7947, 26.6897, 26.6792, 26.6792, 26.6792, 26.638, 26.571, 26.5159, 26.5854, 26.7699, 26.7699, 26.7699, 26.7556, 26.8742, 26.9029, 27.0002, 26.9059, 26.9059, 26.9059]
Середнє значення USD за 5 місяць 2020 року становить = 26.8143
Відхилення курсу USD за 5 місяць 2020 року становить = 0.1347
Щоденний курс USD за 6 місяць 2020 року: 
[26.8685, 26.8181, 26.7955, 26.7544, 26.6953, 26.6953, 26.6953, 26.6953, 26.6005, 26.6412, 26.6367, 26.5999, 26.5999, 26.5999, 26.7303, 26.844, 26.7424, 26.776, 26.7633, 26.7633, 26.7633, 26.7207, 26.6695, 26.6078, 26.6509, 26.7002, 26.7002, 26.7002, 26.7002, 26.6922]
Середнє значення USD за 6 місяць 2020 року становить = 26.7073
Відхилення курсу USD за 6 місяць 2020 року становить = 0.0728
Щоденний курс USD за 7 місяць 2020 року: 
[26.6676, 26.77, 27.1801, 27.1801, 27.1801, 27.1716, 27.1269, 26.9309, 26.9514, 26.9335, 26.9335, 26.9335, 26.9505, 27.0883, 27.1436, 27.119, 27.2738, 27.2738, 27.2738, 27.3606, 27.6011, 27.6647, 27.7798, 27.8779, 27.8779, 27.8779, 27.7559, 27.7571, 27.6851, 27.6867, 27.6913]
Середнє значення USD за 7 місяць 2020 року становить = 27.3128
Відхилення курсу USD за 7 місяць 2020 року становить = 0.3642
Щоденний курс USD за 8 місяць 2020 року: 
[27.6913, 27.6913, 27.6798, 27.7365, 27.8225, 27.7028, 27.6793, 27.6793, 27.6793, 27.6486, 27.6007, 27.5982, 27.5266, 27.4083, 27.4083, 27.4083, 27.3474, 27.3061, 27.2297, 27.316, 27.4812, 27.4812, 27.4812, 27.4812, 27.3942, 27.4383, 27.386, 27.4615, 27.4615, 27.4615, 27.4759]
Середнє значення USD за 8 місяць 2020 року становить = 27.5214
Відхилення курсу USD за 8 місяць 2020 року становить = 0.1482
Щоденний курс USD за 9 місяць 2020 року: 
[27.5618, 27.6049, 27.6428, 27.6908, 27.6908, 27.6908, 27.7325, 27.7509, 27.8032, 27.8296, 27.8346, 27.8346, 27.8346, 27.9003, 28.0003, 28.0556, 28.1195, 28.1127, 28.1127, 28.1127, 28.1718, 28.2022, 28.2059, 28.1874, 28.2487, 28.2487, 28.2487, 28.2673, 28.3062, 28.2989]
Середнє значення USD за 9 місяць 2020 року становить = 27.9767
Відхилення курсу USD за 9 місяць 2020 року становить = 0.2409
Щоденний курс USD за 10 місяць 2020 року: 
[28.3105, 28.3343, 28.3343, 28.3343, 28.3408, 28.4009, 28.3639, 28.324, 28.2836, 28.2836, 28.2836, 28.2098, 28.2481, 28.2481, 28.3164, 28.3365, 28.3365, 28.3365, 28.3649, 28.3762, 28.3707, 28.2737, 28.265, 28.265, 28.265, 28.2911, 28.3352, 28.3655, 28.3989, 28.4383, 28.4383]
Середнє значення USD за 10 місяць 2020 року становить = 28.325
Відхилення курсу USD за 10 місяць 2020 року становить = 0.0555
Щоденний курс USD за 11 місяць 2020 року: 
[28.4383, 28.4507, 28.5827, 28.6, 28.5074, 28.3643, 28.3643, 28.3643, 28.1375, 28.1116, 28.1206, 28.161, 28.1963, 28.1963, 28.1963, 28.1158, 28.112, 28.1067, 28.13, 28.2572, 28.2572, 28.2572, 28.3553, 28.3694, 28.3741, 28.3816, 28.4428, 28.4428, 28.4428, 28.4681]
Середнє значення USD за 11 місяць 2020 року становить = 28.3102
Відхилення курсу USD за 11 місяць 2020 року становить = 0.1509
Щоденний курс USD за 12 місяць 2020 року: 
[28.4962, 28.5583, 28.4367, 28.3038, 28.3038, 28.3038, 28.2913, 28.2394, 28.0828, 28.0406, 28.075, 28.075, 28.075, 27.9666, 27.8661, 27.759, 27.7373, 27.8184, 27.8184, 27.8184, 27.828, 28.0391, 28.2513, 28.4551, 28.4551, 28.4551, 28.4551, 28.3547, 28.3668, 28.2605, 28.2746]
Середнє значення USD за 12 місяць 2020 року становить = 28.1697
Відхилення курсу USD за 12 місяць 2020 року становить = 0.2498
Щоденний курс USD за 1 місяць 2021 року: 
[28.2746, 28.2746, 28.2746, 28.2746, 28.431, 28.4028, 28.4028, 28.4028, 28.4028, 28.4028, 28.2847, 28.2038, 28.046, 27.9705, 28.0609, 28.0524, 28.0524, 28.0524, 28.1926, 28.1544, 28.2035, 28.2561, 28.2561, 28.2561, 28.1648, 28.1665, 28.1524, 28.1652, 28.1929, 28.1929, 28.1929]
Середнє значення USD за 1 місяць 2021 року становить = 28.2198
Відхилення курсу USD за 1 місяць 2021 року становить = 0.1232
Щоденний курс USD за 2 місяць 2021 року: 
[28.1324, 28.0603, 28.0589, 27.995, 27.8885, 27.8885, 27.8885, 27.7711, 27.6651, 27.6426, 27.7665, 27.8384, 27.8384, 27.8384, 27.844, 27.9671, 27.8304, 27.9038, 27.8461, 27.8461, 27.8461, 27.8468, 27.9304, 27.8976, 27.9492, 27.9301, 27.9301, 27.9301]
Середнє значення USD за 2 місяць 2021 року становить = 27.8847
Відхилення курсу USD за 2 місяць 2021 року становить = 0.1063
Щоденний курс USD за 3 місяць 2021 року: 
[27.9456, 28.0007, 27.933, 27.8477, 27.7564, 27.7564, 27.7564, 27.7564, 27.7091, 27.7431, 27.7016, 27.7486, 27.7486, 27.7486, 27.7305, 27.6434, 27.6525, 27.6978, 27.6828, 27.6828, 27.6828, 27.7184, 27.6871, 27.7295, 27.8706, 27.9698, 27.9698, 27.9698, 27.9679, 27.9694, 27.8852]
Середнє значення USD за 3 місяць 2021 року становить = 27.7956
Відхилення курсу USD за 3 місяць 2021 року становить = 0.1155
